//Reference=MNI152		
		
// Hagoort et al., 1999 VERBAL VISUAL words>pseudowords		
//Subjects=10		
-18	-50	1
67	-35	18
42	-22	6
-53	-36	-14
60	-48	7
63	-28	-14
14	-16	39
-1	-13	54
		
// Bright et al (2004) Verbal&nonverbal Visual CONJ OF SEM >BASELINE ACROSS 4 TASKS		
//Subjects=38		
-40	32	-21
-51	30	2
-32	19	-42
-34	-41	-22
-36	-17	-36
-32	-27	-31
-14	49	47
-7	57	39
31	-95	-32
25	-89	-34
35	-89	-37
40	26	-21
-36	32	-18
-32	18	-35
-34	-12	-36
-32	-35	-25
   		
// Bright et al (2004) verbal Visual WORD ONLY		
//Subjects=38		
-32	10	-30
-23	-37	-23
42	16	-38
   		
// Bright et al (2004) Non-Verbal Visual PIC ONLY		
//Subjects=38		
-36	-54	-21
-16	-83	-7
-40	-83	-11
47	-83	-13
44	-56	-22
48	-84	-31
		
// Perani et al., 1999 NONVERBAL VISUAL NON/LIVING OBJECTS>SHAPE RECOGNITION		
//Subjects=11		
-18	-104	-25
-49	34	-25
27	-100	-35
-38	42	-8
-66	-41	10
-59	-49	-8
		
// Perani et al., 1999 VERBAL VISUAL NON/LIVING > PSEUDOWORDS		
//Subjects=8		
4	-7	45
25	-79	3
22	-32	-38
-7	-80	-1
8	-88	0
4	-96	9
4	-9	41
-12	16	-10
-16	-61	15
-24	-37	71
-31	-14	11
53	-10	9
10	-80	-1
38	-24	38
		
// Gurd et al., 2002 VERBAL (cue only) AUDITORY (CUES ONLY) Category > Rote Fluency (da		
//Subjects=11		
-3	25	38
10	26	31
-33	45	23
38	53	19
-38	24	-17
42	28	-19
-37	8	27
9	-88	-43
		
// Kotz et al., 2002 VERBAL AUDITORY Words > pseudowords		
//Subjects=13		
-24	15	-5
-33	9	5
-14	14	0
-46	-67	23
-56	-44	37
-37	-61	38
54	-50	9
		
// Giraud et al., 2001 VERBAL & NONVERBAL AUDITORY words/meaningful sounds>noise /syllables		
//Subjects=12		
-50	16	35
-57	-9	-21
-72	-45	-15
		
// Herbster et al., 1997 VERBAL VISUAL REGULAR>NONWORDS		
//Subjects=10		
-38	-33	-28
		
// Herbster et al (1997) Verbal Visual irregular and regular > say hiya		
//Subjects=10		
-40	-44	-26
-64	-18	-2
-49	1	-8
-12	3	-9
-7	-70	-7
42	-80	-24
		
// Binder et al., 1999 VERBAL AUDITORY semantic>phonology		
//Subjects=30		
-47	-71	38
-7	-56	18
-17	35	46
-27	-38	-18
		
// Binder et al., 2003 VERBAL VISUAL word>nonword		
//Subjects=24		
-25	15	55
-16	30	48
-7	49	27
-35	9	47
-31	21	34
0	46	13
-1	47	2
-9	40	-5
1	28	-12
-38	38	-5
-50	-64	26
-38	-74	40
-41	-76	27
-51	-48	43
-50	-65	14
-38	-62	52
-59	-47	-5
-59	-49	-15
-1	-38	35
-9	-60	12
-5	-58	41
-4	-54	27
1	-25	39
-7	-68	56
7	-93	4
-23	-10	-14
-43	-1	24
-55	1	18
-51	-8	43
44	5	33
44	20	29
-1	3	51
0	13	45
27	49	19
-40	17	2
		
// Cappa et al., 1998 VERBAL VISUAL words>pseudowords		
//Subjects=13		
-46	27	16
-44	-73	30
-11	28	47
-14	40	37
1	-59	15
47	-76	34
		
// Grossman et al., 2002a VERBAL VISUAL all nouns>pseudowords		
//Subjects=16		
-55	-72	-6
-21	54	4
-12	-71	7
   		
// Grossman et al., 2002b VERBAL VISUAL words>pseudowords		
//Subjects=16		
-68	-49	15
-4	43	-22
1	-96	9
		
// Price et al., 1997 VERBAL VISUAL Semantic decision > phonol		
//Subjects=6		
-34	-5	-26
-52	-69	21
-3	9	4
		
// Davis et al., 2004 VERBAL VISUAL words> letter strings		
//Subjects=11		
-63	-42	-3
-45	-42	-12
-6	27	-42
-48	30	-15
-33	27	-12
-48	24	18
-18	-9	-15
9	27	42
33	-12	60
		
// Damasio et al (2001) Non-Verbal Visual Actions (with/out implement) > control task		
//Subjects=10		
-36	30	-11
-46	33	7
-36	12	34
-31	19	-33
-55	-53	-13
-44	-34	-16
58	-35	43
-39	-81	38
-58	-24	30
51	-81	23
-49	-78	24
57	1	3
61	-1	38
72	-29	13
-64	-19	14
-20	-81	42
35	-90	-7
-34	-87	-7
4	-82	15
13	-61	12
-42	0	1
34	-4	1
13	-29	-37
-52	36	13
-36	31	-11
-46	14	27
-25	11	37
-54	-51	-12
-42	-32	-17
58	-40	35
63	-46	31
-36	-82	38
39	40	30
49	2	8
58	3	38
59	-19	10
72	-30	11
-57	-11	3
34	-79	43
-21	-83	40
37	-88	-10
22	-95	-6
-36	-89	-10
9	-78	13
		
//Fiez et al 1996, verbal, visual, verb generation in response to visually presented nouns		
//Subjects=3		
-58.19	-42.15	2.82
		
//Fiez et al 1999, verbal, visual, read aloud words (high/low frequency/consistency)		
//Subjects=11		
-36.75	17.9	0.99
-51.81	14.01	6.12
58.35	18.44	1.56
0.72	12.59	56.91
-49.21	-9.02	35.24
54.37	-3.1	23.93
43.7	-8.69	33.63
-27.81	-1.68	20.71
60.69	-28.35	6.15
-62.25	-49.01	21.49
-45.34	-47.4	-8.09
-45.21	-66.13	-1.76
0.11	-59.79	-5.4
2.19	-75.71	-15.06
-17.28	-71.53	-15.14
19.49	-71.19	-13.56
		
//Fiebach et al 2002, verbal, visual, real>pseudowords, lexical decision		
//Subjects=12		
-29.24	-36.06	-13.97
36.73	-37.54	-10.46
-33.45	-47.25	-7.19
38.91	-50.5	-11.46
-29.91	-93.21	6.27
35.95	-85.63	3.27
-24.34	-93	19.6
35.13	-82.6	24.28
-17.88	-101.91	15.89
25.22	-99.29	7.05
-38.53	-70.07	13.09
42.49	-65.43	12.37
-54.77	-52.9	13.91
29.85	-59.79	38.92
		
//Jennings et al 1998, visual, verbal, semantic > orthography		
//Subjects=8		
-31.57	37.09	-12.2
-39.55	13.56	35.09
-6.88	22.13	56.09
-0.86	38.39	23.01
-52.7	-42.57	9.49
-31.45	22.61	-6.29
-48.31	-13.66	20
25.66	-57.7	49.99
-15.63	-83.74	26.38
-3.06	-12.2	10.12
39.92	62.82	6.45
57.42	-36.22	2.5
35.98	-65.66	10.26
		
//Adams & Janata 2002, verbal, visual/auditory, semantic categorisation (tools)		
//Subjects=12		
-49	-45	10
-64	-52	5
-41	-49	-15
-52	-56	-10
41	-68	-10
-4	8	50
-8	45	40
-49	-4	50
-45	8	30
-52	26	25
-38	26	10
-49	8	10
4	11	50
56	0	45
49	4	0
-30	-68	35
-64	-26	40
52	-19	50
41	-30	65
-38	-90	-10
-11	22	30
11	26	30
-4	-60	-10
-22	4	10
-34	15	10
-19	-8	20
34	15	5
		
//Booth et al 2002, verbal, visual/auditory, semantic matching		
//Subjects=12		
-3	36	36
-45	21	24
15	-72	15
21	-57	6
-15	15	3
-60	-51	0
21	-87	-3
-27	-90	-6
-27	-3	-6
42	21	-9
12	-54	-9
36	-69	-24
-36	-57	-27
15	-78	-30
0	-60	-33
-48	18	18
-12	0	15
-9	-78	6
-51	-18	-6
63	-15	-6
-33	21	-9
-6	-33	-9
-45	36	-15
12	-81	-27
		
//Kosslyn et al 1994, verbal, visual/auditory, (canonical > baseline) semantic matching auditory word to picture (tools)		
//Subjects=12		
-5.12	-82.59	3.67
-26.45	-79.52	26.14
-24.04	-69.99	47.57
-34.69	-23.31	-15.14
-12.54	27.9	37.69
27.38	-90.57	8.39
25.69	-80.45	47.76
10.59	-71.58	51.62
5.69	35.64	27.65
8.8	40.14	18.19
26.73	63.24	-11.3
		
//McDermott et al 2003, verbal, visual, semantic>phonological, think about lists of words		
//Subjects=20		
-45.58	42.77	-8.04
-39.25	38.36	-21.16
-38.76	22.33	14.03
-32.09	7.33	25.49
-35	9.82	52.19
57.44	32.86	18.08
-5.81	16.61	54.38
-61.44	-46.62	1.07
-15.9	-101.02	2.32
-18.92	-102.66	19.34
21.44	-88.05	-33.22
34.34	-81.93	-37.4
-9.9	-84.97	-32.99
-35.76	-48.4	-19.36
		
//Vingerhoets et al 2003, verbal, visual, word generation from letter (Dutch/native language)		
//Subjects=12		
-54.25	38.18	-10.8
-46.18	20.05	24.47
-48.01	10.52	48.98
-48.5	41.86	16.75
3.73	31.66	42.64
-0.64	28.04	38.59
41.78	15.69	-27.02
-46.25	21.76	19.82
-2.68	30.03	48.52
-26.12	-57.37	56.44
-39.2	-31.99	53.03
43.93	15.59	-28.17
		
//Warburton et al 1996, verbal, word generation>rest/verb-noun comparison (2 contrasts), exp1		
//Subjects=9		
-52.88	-39.56	-4.25
-34.94	-60.87	42.37
-44.37	25.11	-1.83
-41.83	14.85	26.03
-37.31	7.6	40.12
53.09	-34.11	2.37
33.55	19.84	6.33
38.08	41.07	26.56
-4.79	10.67	48.23
-52.94	-53.16	-11.87
-35.03	-65.96	33.91
-34.93	-49.82	45.76
-42.2	22.99	-1.66
-37.85	45.11	5.04
-33.02	16.13	39.2
6.24	-77.33	47.78
-11.34	12.36	43.69
-26.95	4.32	4.41
18.4	10.86	2.99
		
//Warburton et al 1996, verbal, word generation>rest (2 contrasts), exp3		
//Subjects=9		
-55	-34.9	-0.2
-56.95	-44.3	14.21
-37.15	-48.12	41.15
48.54	25.44	-3.45
-55.05	21.65	7.66
-46.17	19.09	25.69
-39.38	-0.5	45.44
55.32	-35.81	6.98
46.47	17.34	1.87
-4.75	13.22	52.46
-16.06	11.57	12.47
16.32	20.19	11.07
-7.48	-15.17	1.53
9.91	-14.28	10.11
-57.31	-40.41	-13.06
-54.81	-40.04	13.76
-32.92	-53.19	32.61
-40.02	16.62	-1.07
-44.1	29.32	20.16
-41.6	1.21	40.83
-28.9	38.71	27.93
57.48	-35.8	6.94
48.57	16.93	-2.61
36.01	30.84	32.09
-4.87	16.64	43.16
-18.19	3.05	13.35
-16.06	-16.92	6.33
9.91	-14.28	10.11
		
//Warburton et al 1996, verbal, word generation>rest/listening (2 contrasts), exp2		
//Subjects=4		
-59.32	-34.92	-0.12
-50.06	-47.75	45.81
-49.3	-10.08	-56.54
-35.68	27.68	2.25
-48.42	29.3	20.23
-31.17	53.18	22.06
-37.56	42.93	27.66
-4.83	19.18	47.39
-1.02	-24.08	-2.19
-16.04	-7.99	9.92
-61.69	-25.54	-14.46
-33.53	29.82	2
-48.42	29.3	20.23
-39.61	15.27	30.44
-45.82	4.15	49.57
-26.8	53.61	26.42
27.04	28.32	5.6
-11.32	21.29	47.29
5.57	20.57	15.7
-3.18	-10.9	1.03
		
//James & Gauthier 2004, verbal, visual, recall of semantic features > recall of names OR non-learned (2 contrasts)		
//Subjects=12		
-38.6	19.11	25.56
-54.91	-2.5	13.41
-28.53	-29.7	42.54
-26.28	-54.15	44.92
-42.07	-27.41	-1.16
-48.76	5.98	-11.07
-19.24	29.51	20.84
-2.76	20.69	40.48
37.39	-20.54	44.99
25.65	-51.22	50.47
43.48	-30.01	12.21
24.86	-15.58	-4.59
29.51	-71.1	9.79
14.45	23.43	34.31
18.32	46.37	3.96
42.85	47.36	-21.21
21.21	64.51	-20.3
-41.06	39.88	6.73
-49.33	9.82	30.02
-55.64	-18.51	37.41
19.1	68.22	-15.02
10.17	20.43	36.92
		
//Kelley et al 2002, verbal, visual, judge relevance of adjectives		
//Subjects=21		
-24.67	-99.86	-7.73
35.93	-96.68	-0.11
1.16	-74.24	-10.71
-3.04	-47.07	4.61
-0.25	-77.35	47.89
-32.51	-63.25	62.74
34.41	-61.3	56.92
-50.56	16.32	19.31
53.31	13.47	29.03
-44.46	17.9	-10.08
-33.75	28.16	-15.76
59.23	18.06	-14.11
47.22	7.64	58.85
1.56	20.71	40.4
-5.25	-19.01	6.35
-9.7	6.3	1.68
37.58	-67.68	-34.39
-29.41	-65.79	-33.43
		
//Wiggs et al 1999, nonverbal, visual, semantic retrieval > visual noise		
//Subjects=16		
-41.98	24.65	16.1
-33.47	14.93	3.47
-50.17	-4.79	46.05
-48.32	1.65	22.97
-2.7	14.52	43.33
51.39	-4.43	44.28
-42.21	-33.98	-13.95
-24.74	-36.92	-0.51
53.06	-25.6	1.53
-3.13	-23.67	2.29
-13.9	-16.91	6.29
14.18	-14.68	5.59
20.56	10.87	2.95
-22.82	-64.93	-24.67
-40.06	-60.32	-20.35
6.37	-69.08	-24.75
24.69	-56.26	-26.33
		
//Wagner et al 2001, visual, verbal, 4>2 targets, weak2>strong4 (2 contrasts)		
//Subjects=14		
-36	21	27
-39	6	24
-45	27	9
3	30	36
3	15	42
-51	21	-12
51	21	27
54	12	21
54	12	36
-48	27	-12
-42	33	-12
-9	6	48
-48	30	27
-51	21	24
-57	12	30
6	6	54
		
//Binder et al 1996, verbal, auditory, words > tones		
//Subjects=12		
-59.44	-11.73	-4.65
-47.67	35.63	-3.94
-56.31	-12.55	-13.59
-48.3	20.35	27.84
-60.56	-36.06	-12.31
-47.16	0.04	28.71
-47.59	-37.08	-12.43
		
//Binder et al 2000, verbal, auditory, monosyll words > sine waves		
//Subjects=28		
-54.88	-42.79	7.31
-62.53	-33.55	3.16
-61.51	-27.48	-0.82
-56.18	-13.74	-3.39
-61.61	-6.31	-4.03
63.87	-32.04	0.86
63.74	-15.55	-6.37
65.83	-6.17	-9.58
		
//Bookheimer et al 1995, verbal, visual, name words/line drawings > random line drawings		
//Subjects=16		
-44.42	-36.53	-18.14
-31.18	-49.71	0.86
-50.72	-8.95	1.65
59.54	-10.27	4.38
-57.11	-34.49	4.28
61.71	-27.69	1.59
38.12	-28.66	15.53
-46.05	-41.3	22.7
-43.56	-67.29	43.15
40.84	-57.23	54.17
-22.43	-90.51	0.27
23.01	-94.19	4.34
-33.5	21.31	2.84
-12.04	31.19	-7.47
-50.28	-5.62	37.17
46.99	-0.61	39.5
-48.36	-3.02	18.95
44.6	-15.46	18.6
-35.64	-72.66	-14.72
-37.86	-86.26	-22.3
29.03	-62.62	-25.78
-14.06	-64.07	-15.94
11.87	-63.98	-16.39
-2.67	6.01	44.17
6.15	5.16	57.55
-0.87	-33.88	7.75
10.03	-30.88	16.23
-12.04	31.19	-7.47
22.75	4.49	3.55
35.64	8.38	-1.54
-24.59	-16.12	15.36
31.48	-34.18	2.74
-26.82	-42.9	4.6
		
//Buchel et al 1998, verbal, visual, words > consonant strings		
//Subjects=6		
-44.4	-40.78	-17.72
		
//Buchel et al 1998, verbal, tactile, words > consonants strings (Braille)		
//Subjects=6		
-37.97	-43.3	-22.07
		
Demonet et al 1994, verbal, auditory, passive listening words > nonwords		
//Subjects=9		
-45.92	-60.03	29.03
-20.03	25.1	42.58
-0.65	-47.52	22.54
-42.16	-31.43	-9.72
44.66	-58.83	13.92
		
//Giraud et al 2000, verbal, auditory, words > vowels		
//Subjects=6		
-62	-14	6
58	-18	2
-66	-4	-4
		
//Howard et al 1992, verbal, visual, word reading > "see and say"		
//Subjects=12		
-52.67	-48.95	10.12
-15.73	0.88	35.94
		
//Menard et al 1996, verbal, visual, reading words > five Xs/crosshairs (2 contrasts)		
//Subjects=8		
-30.96	-76.53	12.48
-59.94	-50.09	32.77
-45.45	8.74	-4.68
-51.44	15.65	35.08
-45.5	22.57	-6.04
-45.95	-52.59	28.29
-42.67	13.32	44.13
-41.23	22.17	-10.56
34.39	-65.77	55.12
44.67	11.32	29.39
8.16	28.15	50.76
		
//Moore & Price 1999, verbal, visual, reading > "see and say"		
//Subjects=8		
-46.47	-57.6	-13.78
-46.6	28.94	-6.66
-50.35	4.81	33.9
18.18	-78.38	-33
-7.44	-71.73	-6.33
-5.31	-76.39	-10.38
		
//Price et al 1996a, verbal, visual, passive reading words > letter strings		
//Subjects=10		
-0.64	-93.44	13.64
-48.62	-37.84	-8.98
-35.24	-41.26	22.51
-47.95	-4.37	50.45
49.31	-10.41	49.39
-44.17	33.15	15.3
-41.8	8.47	26.66
14.49	22.67	37.75
		
//Price et al 1996b, verbal, auditory, passive listening words > reversed words (exp3)		
//Subjects=4		
-57.23	-33.2	-4.81
-48.82	13.21	-14.03
-50.81	27.63	2.51
55.43	-65.59	9.92
		
//Specht & Reul 2003, verbal, auditory, listening words > animal/instrument sounds OR pure tones (2 contrasts)		
//Subjects=12		
-63	-12	-6
-63	-35	2
-55	-1	-10
55	-20	-6
59	-1	-10
63	-16	-9
-48	19	-4
44	-39	6
-8	14	47
-8	6	51
-44	35	-8
-51	13	25
59	-30	13
8	-36	-18
-63	-31	-2
59	-12	1
-59	-12	-6
-51	-19	5
-44	19	-4
		
//Wise et al 2001, verbal, auditory, passive listening words > signal correlated noise (2 contrasts)		
//Subjects=6		
-48.51	-22.76	2.97
-56.04	-26.94	4.64
-44.02	-31.39	13.84
-51.57	-35.67	14.39
56.09	-7.48	-11.52
71.45	-19.9	4.01
54.2	-24.01	6.95
-60.67	4.66	-12.98
-62.65	-15.89	-3.07
-64.92	39.07	-0.62
64.75	-0.76	-8.98
		
//Braver & Bongiolatti 2002, verbal, visual, classify abstract/concrete		
//Subjects=21		
43.3	32.09	10.55
30.14	22.94	-6.25
-44.53	20.67	-14.84
-43.03	16.14	16.96
-4.85	17.91	45.27
-48.6	-58.46	-11.42
		
//Buchanan et al 2000, verbal, auditory, detect word > detect emotion		
//Subjects=10		
-51.17	33.65	-24.97
-59.17	-44.72	9.81
10.1	-78.51	11.97
		
//Chee et al 2000, verbal, visual, pictures/words, meaning > size matching		
//Subjects=6		
-43.16	-66.95	-10.67
-50.58	-48.4	4.43
-45.43	22.02	-0.39
-37.45	15.28	30.4
-43.01	-69.1	0.74
-52.83	-52.33	-2.99
-40.01	34.15	2.8
-40.54	17.47	42.56
44.48	-73.25	-2.58
44.47	-69	-3
		
//Heim et al 2002, visual, from picture: gender > name		
//Subjects=12		
-44.1	20.6	18.78
-41.09	29.79	2.13
-50.74	6.26	3.5
-49.15	-4.14	41.48
-38.93	2.48	-3.05
-50.76	-13.62	-2.37
-42.85	-40.54	19.2
-55.04	-40.63	-4.11
-54.8	-61.83	10.31
		
//Hugdahl et al 2003, verbal, auditory, attend words		
//Subjects=13		
-48	-28	8
-48	2	-1
		
//Noesselt et al 2003, verbal, auditory, 		
//Subjects=10		
40	24	-8
44	-4	8
36	48	16
56	24	20
32	60	16
-44	24	-4
-32	32	-4
-48	52	-8
36	-16	20
40	4	12
48	-24	20
-28	-12	12
-44	-12	16
-60	-8	8
-60	20	28
-48	28	16
-56	32	24
-44	24	-12
		
//Poldrack et al 1999, verbal, visual, semantic judgement > case/syllable judgements (2 contrasts)		
//Subjects=8		
-48.78	22.24	-9.32
0.46	27.09	39.79
-51.57	12.48	24.19
42.1	56.34	5.93
0.47	43.56	43.76
-0.53	14.63	44.4
37.69	22.86	-7.49
8.11	63.43	-31.17
57.55	12.86	22.3
-48.85	54.56	-8.03
-36.93	38.45	-8.88
47.53	40.2	5.19
14.14	11.26	7.51
-11.68	3.28	15.46
-24.15	64.46	-18.4
-26.4	52.88	-27.3
-4.11	58.04	26.72
-9.68	19.58	5.97
-40.44	6.19	48.16
-6.3	57.83	24.54
-2.76	43.65	44.93
-55.94	20.87	22.32
6.06	28.56	55.24
-39.17	30.16	-16.99
-44.61	43.01	-17.05
		
//Scott et al 2003, verbal, visual, semantic > phonological		
//Subjects=9		
-2.8	47.7	42.29
-49.06	34.41	-28.45
-39.4	15.32	-37.93
-58.62	-3.81	-23.38
-35.9	-24.25	-25.11
-62.58	-42.68	-2.66
-53.49	-65.58	27.47
		
//Buckner et al 2000, verbal, visual/auditory, generation/completion new > repeated		
//Subjects=8		
-44.98	14.4	32.86
-45.51	37.77	-4.19
-45.41	-34.74	-10.46
-56.13	-54.98	-8.27
-45.31	-48.25	-5.76
		
//Buckner et al 2000, verbal, auditory, word completion new > repeated		
//Subjects=12		
-45.09	10.27	23.18
-35.78	34.61	-4.04
-59.29	-44.49	0.83
		
//Chee et al 1998, verbal, auditory, semantic > phonology		
//Subjects=8		
34.35	59.32	-7.68
58.21	46.95	-3.5
-45.59	45.96	-8.36
-42.12	41.15	8.87
37.66	20.42	-10.61
-29.08	22.05	10.54
-39.04	16.96	-8.96
54.83	39.31	-16.13
-48.78	33.19	-7.04
-48.26	23.96	31.96
-48.4	13.04	18.48
-41.51	-0.3	47.7
-4.58	17.76	66.57
-4.94	31.43	40.57
-28.54	12.93	50.65
-14.71	8.12	32.96
-59.31	-37.04	0.09
-62.89	-6.71	-19.66
-38.84	-57.05	-8.36
31.01	-62.9	-40.35
16.98	-33.3	-32.96
17.05	-75.4	-35.52
-35.8	-48.71	-22.69
-26.15	-65.67	-32.38
-18.72	-33.74	-35.67
		
//Crosson et al 1999, verbal, auditory, word generation > repetition		
//Subjects=17		
-2.7	24.4	45.71
-0.32	15.13	61.16
-6.38	68.15	20.16
-49.53	35.68	19.62
-43.43	50.33	-7.71
-54.11	24.97	-2.77
-15.06	-51.44	-7.08
-13.66	-90.61	10.21
-15.22	-9.96	-11.19
-21.93	-8.35	-28.04
-16.19	14.99	3.17
-50.91	-62.9	-24.39
-6.02	29.3	40.8
-21	18.27	49.99
-46.45	42.1	7.73
-54.1	22.85	-2.56
-58.24	-53.51	-3.9
-6.16	-74.63	8.51
-20.55	14.66	-0.08
		
//Etard et al 1999, verbal, visual, from line drawings generate verb > name aloud		
//Subjects=9		
-48	-44	8
-44	-66	2
-44	16	26
-40	22	20
-54	30	4
60	18	4
-4	6	52
-10	18	38
0	28	22
-38	20	2
-38	30	6
12	-78	-28
26	18	2
		
//Martin et al 1995, line drawings, generate action/colour > name object		
//Subjects=12		
-44.02	23.35	25.23
-39.86	35.3	15.01
-25.13	34.57	-16.54
-34.88	-60.46	46.81
-48.64	-48.89	-12.37
-18.18	-42.87	4.45
48.6	-50.67	-13.85
7.75	-27.47	6.96
-44.11	16.14	16.98
-37.26	10.14	44.35
-45.41	21.06	0.83
-35.67	54.04	8.6
-33.67	37.5	-7.72
-39.25	-63.02	42.66
-54.94	-51.92	1.49
-48.19	-60.87	20.19
-52.34	-61.77	33.79
29.02	-73.67	-29.17
		
//Noppeney et al 2004, matching abstract concepts > other categories		
//Subjects=15		
-57.47	22.96	-12.6
-54.51	17.6	-35.65
-54.43	8.34	-31.38
-63.69	-44.06	-5.86
		
//Savage et al 2001, verbal, auditory, group > ungroupable		
//Subjects=8		
-37.82	36.6	5.88
		
//Vandenberghe et al 1996, visual, verbal, word/pic, meaning match, table 2		
//Subjects=6		
-44.15	26.77	15.93
-16.54	32.06	-20.92
-44.73	-1.61	-35.04
-61.52	-39.59	-4.1
-46.85	-12.25	-33.95
-48.75	-49.72	-21.25
-41.56	-70.65	30.01
-30.51	-75.33	48.21
-18.51	-16.87	-16.05
16.11	-88.61	-27.47
41.74	-84.21	-50.75
		
//Ronnberg et al 2004, auditory/visual, generate > recall sign/speech exemplars		
//Subjects=8		
-0.6	22.83	40.23
-53.29	33.95	-21.61
50.59	-71.68	-31.97
		
//Sevostianov et al 2002, verbal, visual, word > pictures n-back (1-back)		
//Subjects=14		
-57.35	-14.47	-11.14
-46.47	-26.99	-7.85
-59.15	-20.49	16.38
63.77	-15.34	-4.15
		
//Thompson-Schill et al 1999, verbal, auditory, yes/no questions > reversed questions/speech
//Subjects=5		
-43.19	-56.21	-10.61
45.53	-34.13	2.5
-35.83	21.12	-10.55
-42.77	0.58	34.18
-10.28	5.67	40.97
49.73	-47.06	-9.74
-35.81	16.87	-10.13
-43.19	-56.21	-10.61
54.16	-29.85	1.93
-31.51	21.14	-10.62
-39.53	0.59	34.13
-51.77	-47	-3.54
58.48	-29.83	1.85
-31.45	21.55	-6.18
-39.47	1.01	38.57
13.38	9.29	32.37
		
//Wagner et al 2000		
//Subjects=10		
-45	7.7	30.16
-45.04	7.39	26.83
-42.24	28.21	-3.3
-55.77	22.12	35.64
-8.16	50.22	46.61
-45.41	42.96	5.38
-52.79	30.04	16.87
-59.38	-21.09	-1.49
-48.37	30.78	24.57
-42.02	26.57	13.67
